69 178
64 178
89 190
78 186
79 187
69 178
64 178
89 190
78 186
79 187
69 178
64 178
89 190
78 186
79 187
69 178
64 178
89 190
78 186
79 187
69 178
64 178
89 190
78 186
79 187
69 178
64 178
89 190
78 186
79 187
69 178
64 178
89 190
78 186
79 187
69 178
64 178
89 190
78 186
79 187
69 178
64 178
89 190
78 186
79 187
69 178
64 178
89 190
78 186
79 187
69 178
64 178
89 190
78 186
79 187
69 178
64 178
89 190
78 186
79 187
69 178
64 178
89 190
78 186
79 187
69 178
64 178
89 190
78 186
79 187
69 178
64 178
89 190
78 186
79 187
69 178
64 178
89 190
78 186
79 187
69 178
64 178
89 190
78 186
79 187
69 178
64 178
89 190
78 186
79 187
69 178
64 178
89 190
78 186
79 187
69 178
64 178
89 190
78 186
79 187
69 178
64 178
89 190
78 186
79 187
69 178
64 178
89 190
78 186
79 187
69 178
64 178
89 190
78 186
79 187
69 178
64 178
89 190
78 186
79 187
69 178
64 178
89 190
78 186
79 187
69 178
64 178
89 190
78 186
79 187